SpectrumID=SampleSpec
Time=17-02-2026 15:55:21
DeadTime(%)=4.31
LiveTime=400
RealTime=418
Channels=0 1023
0
0
0
0
0
0
0
0
0
0
0
0
0
0
0
0
0
0
0
0
0
0
0
0
0
0
0
0
0
0
0
0
0
0
0
0
0
2
1
11
6
26
42
96
235
535
1220
2592
5117
8746
11890
14644
17671
20163
22141
22792
23661
24194
23772
22174
20250
17458
15206
13463
11733
10697
10185
9685
9626
9697
9452
9741
9795
9789
9824
9963
10040
10140
10428
10250
10455
10341
10440
10645
10540
10737
10526
10880
10438
10549
10389
10318
10196
10118
10140
10026
10114
10003
10022
9921
9948
9688
9731
9616
9585
9591
9281
9152
9190
8974
8831
8964
8811
8654
8736
8337
8601
8214
8182
8181
8098
8241
8079
7968
8029
8123
8191
8216
8284
8565
8570
8657
8965
8893
9088
9119
9221
9589
9590
9462
9972
9437
9769
9860
9694
9711
9684
9429
9512
9364
9407
9284
9353
9450
9688
9789
10076
10236
10732
11130
11355
11790
11981
12496
12399
12396
12550
12525
12334
11921
11737
11093
10524
9908
9410
8845
8276
7506
7125
6482
6007
5828
5456
5030
4894
4561
4361
4252
3977
3929
3675
3515
3455
3391
3330
3205
3255
3214
3049
3149
3027
2981
2989
2891
2818
2769
2786
2712
2656
2587
2579
2516
2423
2406
2351
2328
2283
2176
2225
2098
1996
2079
1905
1913
1902
1921
1874
1895
1842
1831
1787
1774
1657
1738
1706
1725
1710
1615
1717
1735
1670
1635
1694
1675
1701
1726
1684
1713
1713
1706
1741
1846
1886
1882
1884
1945
1907
1924
2103
2167
2107
2164
2312
2463
2455
2523
2703
2784
2863
2910
3147
3347
3482
3498
3790
3906
4138
4326
4581
4961
5125
5365
5536
5817
6050
6297
6576
6760
7002
7279
7254
7225
7505
7472
7574
7412
7578
7410
7176
6985
6732
6576
6260
5926
5554
5178
4732
4454
4341
3941
3458
3331
3175
2709
2653
2359
2298
2138
1945
1805
1685
1589
1496
1411
1367
1290
1271
1202
1196
1179
1165
1169
1122
1080
1136
1087
1107
1015
1045
1039
1033
1075
1035
1086
1071
1065
1104
1019
1067
1035
1023
1047
1050
1041
1023
1036
1050
1079
1045
1047
1049
1017
1071
1062
1055
1083
1079
992
1057
1031
1067
1096
1094
1031
1065
1033
1065
1056
1037
1146
1083
1083
1025
1061
1072
1051
1102
1046
1054
1107
1048
1020
1011
1031
1048
997
1043
995
985
972
1025
1019
970
1059
980
977
968
978
1021
1035
937
931
964
887
982
838
931
940
874
870
861
886
855
895
848
802
772
793
785
793
800
786
794
777
766
760
744
729
754
713
753
695
790
752
732
703
788
727
740
735
690
677
711
734
740
708
751
752
693
755
687
715
758
740
764
784
773
830
820
818
780
849
821
847
885
874
824
922
915
1015
960
996
1001
1027
1045
1155
1158
1145
1124
1169
1222
1226
1255
1311
1327
1387
1406
1421
1413
1472
1501
1553
1514
1577
1557
1568
1650
1586
1580
1567
1625
1556
1621
1525
1577
1594
1472
1464
1501
1393
1391
1382
1303
1315
1274
1210
1144
1143
1112
1012
1024
939
946
816
872
858
800
810
803
757
752
780
754
735
780
799
736
708
719
731
728
760
796
818
790
806
853
880
896
879
913
935
960
1033
1010
1085
1022
1135
1047
1133
1131
1114
1175
1157
1189
1166
1145
1119
1262
1192
1101
1094
1096
1116
1103
1087
1044
973
979
990
967
853
830
816
793
753
647
648
611
600
528
541
526
496
457
417
386
337
365
348
311
285
263
221
221
210
216
201
184
170
154
143
164
121
140
129
106
129
94
95
109
109
86
87
112
91
79
80
74
64
55
79
67
72
72
69
58
54
69
55
52
44
55
54
48
49
46
48
56
47
44
47
46
39
52
50
47
44
50
31
48
41
51
40
33
43
34
44
38
32
27
46
35
36
28
29
27
35
36
37
25
31
35
29
32
35
34
35
29
28
30
26
33
26
29
29
20
31
19
26
27
22
24
32
23
25
24
34
24
25
30
26
23
17
23
20
21
18
23
27
30
32
25
26
24
23
28
15
18
18
19
13
18
19
18
15
21
17
26
21
24
15
25
19
17
15
8
20
16
16
10
15
16
24
9
18
19
15
16
22
16
20
19
22
16
20
20
22
23
23
18
13
22
9
14
18
18
8
17
13
20
13
11
15
15
11
15
19
12
21
23
13
13
18
16
14
18
14
8
18
17
9
12
16
16
17
19
12
14
13
19
14
12
20
16
12
10
15
10
11
16
17
13
25
7
15
14
9
10
13
16
11
13
14
13
11
11
9
14
8
10
7
11
8
8
9
11
15
13
15
12
12
5
4
7
11
10
12
7
16
9
10
9
9
8
15
9
7
11
6
8
12
9
11
7
6
8
10
11
10
10
6
14
8
10
14
9
8
12
13
8
6
10
9
14
9
9
9
6
7
8
11
10
5
8
9
11
10
8
12
12
9
10
14
12
12
17
8
7
7
4
7
10
4
6
6
3
5
4
9
9
7
11
4
9
7
6
10
9
10
7
8
7
5
10
9
7
11
7
10
5
9
10
11
7
5
10
5
12
5
9
4
9
12
8
18
6
7
8
7
7
6
6
6
4
9
3
6
9
9
8
2
5
6
9
2
5
7
6
6
5
8
6
2
4
3
5
5
0
0
0
0
0
0
0
0
0
0
0
0
0
0
0
0
